(kicad_pcb (version 20171130) (host pcbnew "(5.1.6)-1")

  (general
    (thickness 1.6)
    (drawings 67)
    (tracks 56)
    (zones 0)
    (modules 22)
    (nets 12)
  )

  (page A4)
  (layers
    (0 F.Cu signal)
    (31 B.Cu signal)
    (32 B.Adhes user)
    (33 F.Adhes user)
    (34 B.Paste user)
    (35 F.Paste user)
    (36 B.SilkS user)
    (37 F.SilkS user)
    (38 B.Mask user)
    (39 F.Mask user)
    (40 Dwgs.User user)
    (41 Cmts.User user)
    (42 Eco1.User user)
    (43 Eco2.User user)
    (44 Edge.Cuts user)
    (45 Margin user)
    (46 B.CrtYd user)
    (47 F.CrtYd user)
    (48 B.Fab user)
    (49 F.Fab user)
  )

  (setup
    (last_trace_width 1)
    (trace_clearance 0.4)
    (zone_clearance 0.508)
    (zone_45_only no)
    (trace_min 0.2)
    (via_size 0.8)
    (via_drill 0.4)
    (via_min_size 0.4)
    (via_min_drill 0.3)
    (uvia_size 0.3)
    (uvia_drill 0.1)
    (uvias_allowed no)
    (uvia_min_size 0.2)
    (uvia_min_drill 0.1)
    (edge_width 0.05)
    (segment_width 0.2)
    (pcb_text_width 0.3)
    (pcb_text_size 1.5 1.5)
    (mod_edge_width 0.12)
    (mod_text_size 1 1)
    (mod_text_width 0.15)
    (pad_size 1.524 1.524)
    (pad_drill 0.762)
    (pad_to_mask_clearance 0.051)
    (solder_mask_min_width 0.25)
    (aux_axis_origin 145 80)
    (grid_origin 145 80)
    (visible_elements 7FFDFFFF)
    (pcbplotparams
      (layerselection 0x010fc_ffffffff)
      (usegerberextensions false)
      (usegerberattributes false)
      (usegerberadvancedattributes false)
      (creategerberjobfile false)
      (excludeedgelayer true)
      (linewidth 0.100000)
      (plotframeref false)
      (viasonmask false)
      (mode 1)
      (useauxorigin false)
      (hpglpennumber 1)
      (hpglpenspeed 20)
      (hpglpendiameter 15.000000)
      (psnegative false)
      (psa4output false)
      (plotreference true)
      (plotvalue true)
      (plotinvisibletext false)
      (padsonsilk false)
      (subtractmaskfromsilk false)
      (outputformat 1)
      (mirror false)
      (drillshape 1)
      (scaleselection 1)
      (outputdirectory ""))
  )

  (net 0 "")
  (net 1 /AIR+_vehicle_side)
  (net 2 /AIR-_vehicle_side)
  (net 3 /AIR+_fuse_side)
  (net 4 /cells+)
  (net 5 "Net-(F1-Pad1)")
  (net 6 "Net-(J4-Pad1)")
  (net 7 "Net-(J4-Pad2)")
  (net 8 "Net-(J4-Pad3)")
  (net 9 "Net-(R1-Pad1)")
  (net 10 "Net-(R2-Pad1)")
  (net 11 "Net-(R3-Pad1)")

  (net_class Default "This is the default net class."
    (clearance 0.4)
    (trace_width 1)
    (via_dia 0.8)
    (via_drill 0.4)
    (uvia_dia 0.3)
    (uvia_drill 0.1)
    (add_net /AIR+_fuse_side)
    (add_net /AIR+_vehicle_side)
    (add_net /AIR-_vehicle_side)
    (add_net /cells+)
    (add_net "Net-(F1-Pad1)")
    (add_net "Net-(J4-Pad1)")
    (add_net "Net-(J4-Pad2)")
    (add_net "Net-(J4-Pad3)")
    (add_net "Net-(R1-Pad1)")
    (add_net "Net-(R2-Pad1)")
    (add_net "Net-(R3-Pad1)")
  )

  (module MountingHole:MountingHole_3.2mm_M3 (layer B.Cu) (tedit 56D1B4CB) (tstamp 60C738B3)
    (at 120 92)
    (descr "Mounting Hole 3.2mm, no annular, M3")
    (tags "mounting hole 3.2mm no annular m3")
    (attr virtual)
    (fp_text reference REF** (at -0.254 4.572) (layer B.SilkS) hide
      (effects (font (size 1 1) (thickness 0.15)) (justify mirror))
    )
    (fp_text value MountingHole_3.2mm_M3 (at 0 -4.2) (layer B.Fab) hide
      (effects (font (size 1 1) (thickness 0.15)) (justify mirror))
    )
    (fp_circle (center 0 0) (end 3.2 0) (layer Cmts.User) (width 0.15))
    (fp_circle (center 0 0) (end 3.45 0) (layer B.CrtYd) (width 0.05))
    (fp_text user %R (at 0.3 0) (layer B.Fab) hide
      (effects (font (size 1 1) (thickness 0.15)) (justify mirror))
    )
    (pad 1 np_thru_hole circle (at 0 0) (size 3.2 3.2) (drill 3.2) (layers *.Cu *.Mask))
  )

  (module MountingHole:MountingHole_3.2mm_M3 locked (layer B.Cu) (tedit 56D1B4CB) (tstamp 60457073)
    (at 133 71)
    (descr "Mounting Hole 3.2mm, no annular, M3")
    (tags "mounting hole 3.2mm no annular m3")
    (attr virtual)
    (fp_text reference REF** (at -0.254 4.572) (layer B.SilkS) hide
      (effects (font (size 1 1) (thickness 0.15)) (justify mirror))
    )
    (fp_text value MountingHole_3.2mm_M3 (at 0 -4.2) (layer B.Fab) hide
      (effects (font (size 1 1) (thickness 0.15)) (justify mirror))
    )
    (fp_circle (center 0 0) (end 3.2 0) (layer Cmts.User) (width 0.15))
    (fp_circle (center 0 0) (end 3.45 0) (layer B.CrtYd) (width 0.05))
    (fp_text user %R (at 0.3 0) (layer B.Fab) hide
      (effects (font (size 1 1) (thickness 0.15)) (justify mirror))
    )
    (pad 1 np_thru_hole circle (at 0 0) (size 3.2 3.2) (drill 3.2) (layers *.Cu *.Mask))
  )

  (module MountingHole:MountingHole_3.2mm_M3 locked (layer B.Cu) (tedit 56D1B4CB) (tstamp 60456CB2)
    (at 146 45)
    (descr "Mounting Hole 3.2mm, no annular, M3")
    (tags "mounting hole 3.2mm no annular m3")
    (attr virtual)
    (fp_text reference REF** (at -0.254 4.572) (layer B.SilkS) hide
      (effects (font (size 1 1) (thickness 0.15)) (justify mirror))
    )
    (fp_text value MountingHole_3.2mm_M3 (at 0 -4.2) (layer B.Fab) hide
      (effects (font (size 1 1) (thickness 0.15)) (justify mirror))
    )
    (fp_circle (center 0 0) (end 3.2 0) (layer Cmts.User) (width 0.15))
    (fp_circle (center 0 0) (end 3.45 0) (layer B.CrtYd) (width 0.05))
    (fp_text user %R (at 0.3 0) (layer B.Fab) hide
      (effects (font (size 1 1) (thickness 0.15)) (justify mirror))
    )
    (pad 1 np_thru_hole circle (at 0 0) (size 3.2 3.2) (drill 3.2) (layers *.Cu *.Mask))
  )

  (module MountingHole:MountingHole_3.2mm_M3 locked (layer B.Cu) (tedit 56D1B4CB) (tstamp 5E944834)
    (at 170 45 180)
    (descr "Mounting Hole 3.2mm, no annular, M3")
    (tags "mounting hole 3.2mm no annular m3")
    (attr virtual)
    (fp_text reference REF** (at 0 -4.572) (layer B.SilkS) hide
      (effects (font (size 1 1) (thickness 0.15)) (justify mirror))
    )
    (fp_text value MountingHole_3.2mm_M3 (at 0 -4.2) (layer B.Fab) hide
      (effects (font (size 1 1) (thickness 0.15)) (justify mirror))
    )
    (fp_circle (center 0 0) (end 3.2 0) (layer Cmts.User) (width 0.15))
    (fp_circle (center 0 0) (end 3.45 0) (layer B.CrtYd) (width 0.05))
    (fp_text user %R (at 0.3 0) (layer B.Fab) hide
      (effects (font (size 1 1) (thickness 0.15)) (justify mirror))
    )
    (pad 1 np_thru_hole circle (at 0 0 180) (size 3.2 3.2) (drill 3.2) (layers *.Cu *.Mask))
  )

  (module MountingHole:MountingHole_3.2mm_M3 locked (layer B.Cu) (tedit 56D1B4CB) (tstamp 5F74BFA9)
    (at 120 118)
    (descr "Mounting Hole 3.2mm, no annular, M3")
    (tags "mounting hole 3.2mm no annular m3")
    (attr virtual)
    (fp_text reference REF** (at 0 -4.064) (layer B.SilkS) hide
      (effects (font (size 1 1) (thickness 0.15)) (justify mirror))
    )
    (fp_text value MountingHole_3.2mm_M3 (at 0 -4.2) (layer B.Fab) hide
      (effects (font (size 1 1) (thickness 0.15)) (justify mirror))
    )
    (fp_circle (center 0 0) (end 3.2 0) (layer Cmts.User) (width 0.15))
    (fp_circle (center 0 0) (end 3.45 0) (layer B.CrtYd) (width 0.05))
    (fp_text user %R (at 0.3 0) (layer B.Fab) hide
      (effects (font (size 1 1) (thickness 0.15)) (justify mirror))
    )
    (pad 1 np_thru_hole circle (at 0 0) (size 3.2 3.2) (drill 3.2) (layers *.Cu *.Mask))
  )

  (module MountingHole:MountingHole_3.2mm_M3 locked (layer B.Cu) (tedit 56D1B4CB) (tstamp 5E9480E4)
    (at 170 118 180)
    (descr "Mounting Hole 3.2mm, no annular, M3")
    (tags "mounting hole 3.2mm no annular m3")
    (attr virtual)
    (fp_text reference REF** (at 0 4.826) (layer B.SilkS) hide
      (effects (font (size 1 1) (thickness 0.15)) (justify mirror))
    )
    (fp_text value MountingHole_3.2mm_M3 (at 0 -4.2) (layer B.Fab) hide
      (effects (font (size 1 1) (thickness 0.15)) (justify mirror))
    )
    (fp_circle (center 0 0) (end 3.2 0) (layer Cmts.User) (width 0.15))
    (fp_circle (center 0 0) (end 3.45 0) (layer B.CrtYd) (width 0.05))
    (fp_text user %R (at 0.3 0) (layer B.Fab) hide
      (effects (font (size 1 1) (thickness 0.15)) (justify mirror))
    )
    (pad 1 np_thru_hole circle (at 0 0 180) (size 3.2 3.2) (drill 3.2) (layers *.Cu *.Mask))
  )

  (module MountingHole:MountingHole_3.2mm_M3 locked (layer B.Cu) (tedit 56D1B4CB) (tstamp 5E9447DD)
    (at 120 45)
    (descr "Mounting Hole 3.2mm, no annular, M3")
    (tags "mounting hole 3.2mm no annular m3")
    (attr virtual)
    (fp_text reference REF** (at -0.254 4.572) (layer B.SilkS) hide
      (effects (font (size 1 1) (thickness 0.15)) (justify mirror))
    )
    (fp_text value MountingHole_3.2mm_M3 (at 0 -4.2) (layer B.Fab) hide
      (effects (font (size 1 1) (thickness 0.15)) (justify mirror))
    )
    (fp_circle (center 0 0) (end 3.2 0) (layer Cmts.User) (width 0.15))
    (fp_circle (center 0 0) (end 3.45 0) (layer B.CrtYd) (width 0.05))
    (fp_text user %R (at 0.3 0) (layer B.Fab) hide
      (effects (font (size 1 1) (thickness 0.15)) (justify mirror))
    )
    (pad 1 np_thru_hole circle (at 0 0) (size 3.2 3.2) (drill 3.2) (layers *.Cu *.Mask))
  )

  (module KTHFS:Wurth-MPC3_angle_2 (layer F.Cu) (tedit 5D9A6CA2) (tstamp 5F75F946)
    (at 165.6 105 90)
    (path /5E94DAAE)
    (fp_text reference J5 (at 1 7 180) (layer F.SilkS)
      (effects (font (size 1 1) (thickness 0.15)))
    )
    (fp_text value Conn_01x02_Male (at 0 -0.5 90) (layer F.Fab)
      (effects (font (size 1 1) (thickness 0.15)))
    )
    (fp_line (start -6.5 7.75) (end -6.5 -1.5) (layer F.SilkS) (width 0.15))
    (fp_line (start -5.25 9) (end -6.5 7.75) (layer F.SilkS) (width 0.15))
    (fp_line (start 3.5 -1.5) (end 3.5 7.75) (layer F.SilkS) (width 0.15))
    (fp_line (start 3.5 -1.5) (end -6.5 -1.5) (layer F.SilkS) (width 0.15))
    (fp_line (start 3.5 7.75) (end 2.25 9) (layer F.SilkS) (width 0.15))
    (fp_line (start 2.25 9) (end -5.25 9) (layer F.SilkS) (width 0.15))
    (fp_line (start 2.5 -2) (end 4 -2) (layer F.SilkS) (width 0.15))
    (fp_line (start 4 -2) (end 4 -0.75) (layer F.SilkS) (width 0.15))
    (pad "" np_thru_hole circle (at -1.5 4.32 90) (size 3 3) (drill 3) (layers *.Cu *.Mask))
    (pad 2 thru_hole circle (at -3 0 90) (size 2 2) (drill 1.02) (layers *.Cu *.Mask)
      (net 1 /AIR+_vehicle_side))
    (pad 1 thru_hole circle (at 0 0 90) (size 2 2) (drill 1.02) (layers *.Cu *.Mask)
      (net 1 /AIR+_vehicle_side))
    (model ${KICAD_INFRASTRUCTURE}/libraries/3dmodels/Wurth-MPC3_angle_2.stp
      (offset (xyz -1.5 -4 2))
      (scale (xyz 1 1 1))
      (rotate (xyz 0 0 0))
    )
  )

  (module KTHFS:Wurth-MPC3_angle_2 (layer F.Cu) (tedit 5D9A6CA2) (tstamp 5F75F954)
    (at 165.6 95 90)
    (path /5E94DF12)
    (fp_text reference J6 (at 1 7 180) (layer F.SilkS)
      (effects (font (size 1 1) (thickness 0.15)))
    )
    (fp_text value Conn_01x02_Male (at 0 -0.5 90) (layer F.Fab)
      (effects (font (size 1 1) (thickness 0.15)))
    )
    (fp_line (start 4 -2) (end 4 -0.75) (layer F.SilkS) (width 0.15))
    (fp_line (start 2.5 -2) (end 4 -2) (layer F.SilkS) (width 0.15))
    (fp_line (start 2.25 9) (end -5.25 9) (layer F.SilkS) (width 0.15))
    (fp_line (start 3.5 7.75) (end 2.25 9) (layer F.SilkS) (width 0.15))
    (fp_line (start 3.5 -1.5) (end -6.5 -1.5) (layer F.SilkS) (width 0.15))
    (fp_line (start 3.5 -1.5) (end 3.5 7.75) (layer F.SilkS) (width 0.15))
    (fp_line (start -5.25 9) (end -6.5 7.75) (layer F.SilkS) (width 0.15))
    (fp_line (start -6.5 7.75) (end -6.5 -1.5) (layer F.SilkS) (width 0.15))
    (pad 1 thru_hole circle (at 0 0 90) (size 2 2) (drill 1.02) (layers *.Cu *.Mask)
      (net 2 /AIR-_vehicle_side))
    (pad 2 thru_hole circle (at -3 0 90) (size 2 2) (drill 1.02) (layers *.Cu *.Mask)
      (net 2 /AIR-_vehicle_side))
    (pad "" np_thru_hole circle (at -1.5 4.32 90) (size 3 3) (drill 3) (layers *.Cu *.Mask))
    (model ${KICAD_INFRASTRUCTURE}/libraries/3dmodels/Wurth-MPC3_angle_2.stp
      (offset (xyz -1.5 -4 2))
      (scale (xyz 1 1 1))
      (rotate (xyz 0 0 0))
    )
  )

  (module KTHFS:Wurth-MPC4_male_angle_2 (layer F.Cu) (tedit 5FC37223) (tstamp 60456D13)
    (at 144 99 180)
    (path /5E90A16B)
    (fp_text reference J1 (at 5.6 -8) (layer F.SilkS)
      (effects (font (size 1 1) (thickness 0.15)))
    )
    (fp_text value Conn_01x02_Male (at -13 -8) (layer F.Fab)
      (effects (font (size 1 1) (thickness 0.15)))
    )
    (fp_line (start 5.5 -6.75) (end 5.5 -5.5) (layer F.SilkS) (width 0.15))
    (fp_line (start 4.25 -6.75) (end 5.5 -6.75) (layer F.SilkS) (width 0.15))
    (fp_line (start 4.95 6.6) (end 4.95 -6.2) (layer F.SilkS) (width 0.15))
    (fp_line (start -4.95 6.6) (end 4.95 6.6) (layer F.SilkS) (width 0.15))
    (fp_line (start -4.95 6.6) (end -4.95 -6.2) (layer F.SilkS) (width 0.15))
    (fp_line (start 4.95 -6.2) (end -4.95 -6.2) (layer F.SilkS) (width 0.15))
    (pad "" np_thru_hole circle (at 0 0 180) (size 3 3) (drill 3) (layers *.Cu *.Mask))
    (pad 1 thru_hole circle (at 2.1 -7.3 180) (size 2.5 2.5) (drill 1.8) (layers *.Cu *.Mask)
      (net 5 "Net-(F1-Pad1)"))
    (pad 2 thru_hole circle (at -2.1 -7.3 180) (size 2.5 2.5) (drill 1.8) (layers *.Cu *.Mask)
      (net 2 /AIR-_vehicle_side))
    (model ${KICAD_INFRASTRUCTURE}/libraries/3dmodels/Wurth-MPC4_angle_2.stp
      (offset (xyz 0 0 3.25))
      (scale (xyz 1 1 1))
      (rotate (xyz 0 0 90))
    )
  )

  (module KTHFS:Wurth-MPC4_male_angle_3 (layer F.Cu) (tedit 5FC37215) (tstamp 60456563)
    (at 160 67 90)
    (path /5F823A6A)
    (fp_text reference J2 (at 3 -1 180) (layer F.SilkS)
      (effects (font (size 1 1) (thickness 0.15)))
    )
    (fp_text value Conn_01x03_Male (at -13 -8 90) (layer F.Fab)
      (effects (font (size 1 1) (thickness 0.15)))
    )
    (fp_line (start 2.85 1.1) (end -11.2 1.1) (layer F.SilkS) (width 0.15))
    (fp_line (start -11.2 13.9) (end -11.2 1.1) (layer F.SilkS) (width 0.15))
    (fp_line (start -11.2 13.9) (end 2.85 13.9) (layer F.SilkS) (width 0.15))
    (fp_line (start 2.85 13.9) (end 2.85 1.1) (layer F.SilkS) (width 0.15))
    (fp_line (start 2.15 0.55) (end 3.4 0.55) (layer F.SilkS) (width 0.15))
    (fp_line (start 3.4 0.55) (end 3.4 1.8) (layer F.SilkS) (width 0.15))
    (pad 3 thru_hole circle (at -8.4 0 90) (size 2.5 2.5) (drill 1.8) (layers *.Cu *.Mask)
      (net 4 /cells+))
    (pad 2 thru_hole circle (at -4.2 0 90) (size 2.5 2.5) (drill 1.8) (layers *.Cu *.Mask)
      (net 3 /AIR+_fuse_side))
    (pad 1 thru_hole circle (at 0 0 90) (size 2.5 2.5) (drill 1.8) (layers *.Cu *.Mask)
      (net 1 /AIR+_vehicle_side))
    (pad "" np_thru_hole circle (at -4.2 7.3 90) (size 3 3) (drill 3) (layers *.Cu *.Mask))
    (model ${KICAD_INFRASTRUCTURE}/libraries/3dmodels/Wurth-MPC4_angle_3.stp
      (offset (xyz -4.25 -7.5 3.75))
      (scale (xyz 1 1 1))
      (rotate (xyz -90 0 0))
    )
  )

  (module KTHFS:Wurth-MPC4_male_angle_3 (layer F.Cu) (tedit 5FC37215) (tstamp 6045657B)
    (at 160 52 90)
    (path /5E931353)
    (fp_text reference J4 (at 3 -2.2 180) (layer F.SilkS)
      (effects (font (size 1 1) (thickness 0.15)))
    )
    (fp_text value Conn_01x03_Male (at -13 -8 90) (layer F.Fab)
      (effects (font (size 1 1) (thickness 0.15)))
    )
    (fp_line (start 3.4 0.55) (end 3.4 1.8) (layer F.SilkS) (width 0.15))
    (fp_line (start 2.15 0.55) (end 3.4 0.55) (layer F.SilkS) (width 0.15))
    (fp_line (start 2.85 13.9) (end 2.85 1.1) (layer F.SilkS) (width 0.15))
    (fp_line (start -11.2 13.9) (end 2.85 13.9) (layer F.SilkS) (width 0.15))
    (fp_line (start -11.2 13.9) (end -11.2 1.1) (layer F.SilkS) (width 0.15))
    (fp_line (start 2.85 1.1) (end -11.2 1.1) (layer F.SilkS) (width 0.15))
    (pad "" np_thru_hole circle (at -4.2 7.3 90) (size 3 3) (drill 3) (layers *.Cu *.Mask))
    (pad 1 thru_hole circle (at 0 0 90) (size 2.5 2.5) (drill 1.8) (layers *.Cu *.Mask)
      (net 6 "Net-(J4-Pad1)"))
    (pad 2 thru_hole circle (at -4.2 0 90) (size 2.5 2.5) (drill 1.8) (layers *.Cu *.Mask)
      (net 7 "Net-(J4-Pad2)"))
    (pad 3 thru_hole circle (at -8.4 0 90) (size 2.5 2.5) (drill 1.8) (layers *.Cu *.Mask)
      (net 8 "Net-(J4-Pad3)"))
    (model ${KICAD_INFRASTRUCTURE}/libraries/3dmodels/Wurth-MPC4_angle_3.stp
      (offset (xyz -4.25 -7.5 3.75))
      (scale (xyz 1 1 1))
      (rotate (xyz -90 0 0))
    )
  )

  (module KTHFS:Wurth-MPC4_male_vert_2 (layer F.Cu) (tedit 5FC3723C) (tstamp 60456812)
    (at 151 119.5 90)
    (path /5E90ECE1)
    (fp_text reference J8 (at 8 3.4 180) (layer F.SilkS)
      (effects (font (size 1 1) (thickness 0.15)))
    )
    (fp_text value Conn_01x02_Male (at 0 -0.5 90) (layer F.Fab)
      (effects (font (size 1 1) (thickness 0.15)))
    )
    (fp_line (start -3.4 4.4) (end -2 4.4) (layer F.SilkS) (width 0.15))
    (fp_line (start -3.4 2.8) (end -3.4 4.4) (layer F.SilkS) (width 0.15))
    (fp_line (start 7 -2) (end -2.8 -2) (layer F.SilkS) (width 0.15))
    (fp_line (start 7 3.8) (end 7 -2) (layer F.SilkS) (width 0.15))
    (fp_line (start -2.8 3.8) (end 7 3.8) (layer F.SilkS) (width 0.15))
    (fp_line (start -2.8 -2) (end -2.8 3.8) (layer F.SilkS) (width 0.15))
    (pad 1 thru_hole circle (at 0 0 90) (size 2 2) (drill 1.4) (layers *.Cu *.Mask)
      (net 3 /AIR+_fuse_side))
    (pad 2 thru_hole circle (at 4.2 0 90) (size 2 2) (drill 1.4) (layers *.Cu *.Mask)
      (net 1 /AIR+_vehicle_side))
    (model ${KICAD_INFRASTRUCTURE}/libraries/3dmodels/Wurth-MPC4_vert_2.stp
      (offset (xyz 2 -1 6.5))
      (scale (xyz 1 1 1))
      (rotate (xyz 0 0 0))
    )
  )

  (module KTHFS:Wurth-MPC4_male_angle_2 (layer F.Cu) (tedit 5FC37223) (tstamp 604567AE)
    (at 167 86 90)
    (path /5E93043B)
    (fp_text reference J3 (at 5 -8 180) (layer F.SilkS)
      (effects (font (size 1 1) (thickness 0.15)))
    )
    (fp_text value Conn_01x02_Male (at -13 -8 90) (layer F.Fab)
      (effects (font (size 1 1) (thickness 0.15)))
    )
    (fp_line (start 5.5 -6.75) (end 5.5 -5.5) (layer F.SilkS) (width 0.15))
    (fp_line (start 4.25 -6.75) (end 5.5 -6.75) (layer F.SilkS) (width 0.15))
    (fp_line (start 4.95 6.6) (end 4.95 -6.2) (layer F.SilkS) (width 0.15))
    (fp_line (start -4.95 6.6) (end 4.95 6.6) (layer F.SilkS) (width 0.15))
    (fp_line (start -4.95 6.6) (end -4.95 -6.2) (layer F.SilkS) (width 0.15))
    (fp_line (start 4.95 -6.2) (end -4.95 -6.2) (layer F.SilkS) (width 0.15))
    (pad "" np_thru_hole circle (at 0 0 90) (size 3 3) (drill 3) (layers *.Cu *.Mask))
    (pad 1 thru_hole circle (at 2.1 -7.3 90) (size 2.5 2.5) (drill 1.8) (layers *.Cu *.Mask)
      (net 2 /AIR-_vehicle_side))
    (pad 2 thru_hole circle (at -2.1 -7.3 90) (size 2.5 2.5) (drill 1.8) (layers *.Cu *.Mask)
      (net 2 /AIR-_vehicle_side))
    (model ${KICAD_INFRASTRUCTURE}/libraries/3dmodels/Wurth-MPC4_angle_2.stp
      (offset (xyz 0 0 3.25))
      (scale (xyz 1 1 1))
      (rotate (xyz 0 0 90))
    )
  )

  (module KTHFS:Wurth-MPC4_male_vert_2 (layer F.Cu) (tedit 5FC3723C) (tstamp 604571A8)
    (at 157 106.5 180)
    (path /5E90E784)
    (fp_text reference J7 (at 7.4 -2.9) (layer F.SilkS)
      (effects (font (size 1 1) (thickness 0.15)))
    )
    (fp_text value Conn_01x02_Male (at 0 -0.5) (layer F.Fab)
      (effects (font (size 1 1) (thickness 0.15)))
    )
    (fp_line (start -3.4 4.4) (end -2 4.4) (layer F.SilkS) (width 0.15))
    (fp_line (start -3.4 2.8) (end -3.4 4.4) (layer F.SilkS) (width 0.15))
    (fp_line (start 7 -2) (end -2.8 -2) (layer F.SilkS) (width 0.15))
    (fp_line (start 7 3.8) (end 7 -2) (layer F.SilkS) (width 0.15))
    (fp_line (start -2.8 3.8) (end 7 3.8) (layer F.SilkS) (width 0.15))
    (fp_line (start -2.8 -2) (end -2.8 3.8) (layer F.SilkS) (width 0.15))
    (pad 1 thru_hole circle (at 0 0 180) (size 2 2) (drill 1.4) (layers *.Cu *.Mask)
      (net 1 /AIR+_vehicle_side))
    (pad 2 thru_hole circle (at 4.2 0 180) (size 2 2) (drill 1.4) (layers *.Cu *.Mask)
      (net 2 /AIR-_vehicle_side))
    (model ${KICAD_INFRASTRUCTURE}/libraries/3dmodels/Wurth-MPC4_vert_2.stp
      (offset (xyz 2 -1 6.5))
      (scale (xyz 1 1 1))
      (rotate (xyz 0 0 0))
    )
  )

  (module Fuse:Fuse_SunFuse-6HP (layer F.Cu) (tedit 5A64049B) (tstamp 6057322F)
    (at 132 121 90)
    (descr "SunFuse Ceramic Slow Blow Fuse 6H_6HP.PDF")
    (tags "UL/CSA 6x32mm Ceramic Slow Blow Fuse")
    (path /60572C24)
    (fp_text reference F1 (at 17 -5 90) (layer F.SilkS)
      (effects (font (size 1 1) (thickness 0.15)))
    )
    (fp_text value "200 mA" (at 19.05 -5.08 90) (layer F.Fab)
      (effects (font (size 1 1) (thickness 0.15)))
    )
    (fp_line (start 0 0) (end 2.25 0) (layer F.Fab) (width 0.1))
    (fp_line (start 34.75 0) (end 37 0) (layer F.Fab) (width 0.1))
    (fp_line (start 34.82 0) (end 35.5 0) (layer F.SilkS) (width 0.15))
    (fp_line (start 1.4 0) (end 2.18 0) (layer F.SilkS) (width 0.15))
    (fp_line (start 10 2.5) (end 27 2.5) (layer F.Fab) (width 0.1))
    (fp_line (start 10 -2.5) (end 27 -2.5) (layer F.Fab) (width 0.1))
    (fp_line (start 27 3.05) (end 30 3.05) (layer F.Fab) (width 0.1))
    (fp_line (start 27 -3.05) (end 30 -3.05) (layer F.Fab) (width 0.1))
    (fp_line (start 7 3.05) (end 10 3.05) (layer F.Fab) (width 0.1))
    (fp_line (start 7 -3.05) (end 10 -3.05) (layer F.Fab) (width 0.1))
    (fp_line (start 27 3.05) (end 27 -3.05) (layer F.Fab) (width 0.1))
    (fp_line (start 30 -3.375) (end 30 3.375) (layer F.Fab) (width 0.1))
    (fp_line (start 7 -3.375) (end 7 3.375) (layer F.Fab) (width 0.1))
    (fp_line (start 30 3.37) (end 34.75 3.375) (layer F.Fab) (width 0.1))
    (fp_line (start 30 -3.375) (end 34.75 -3.375) (layer F.Fab) (width 0.1))
    (fp_line (start 34.75 -3.375) (end 34.75 3.375) (layer F.Fab) (width 0.1))
    (fp_line (start 2.25 3.375) (end 7 3.375) (layer F.Fab) (width 0.1))
    (fp_line (start 10 3.05) (end 10 -3.05) (layer F.Fab) (width 0.1))
    (fp_line (start 2.25 -3.375) (end 7 -3.375) (layer F.Fab) (width 0.1))
    (fp_line (start 2.25 -3.375) (end 2.25 3.375) (layer F.Fab) (width 0.1))
    (fp_line (start -1.5 -3.75) (end 38.5 -3.75) (layer F.CrtYd) (width 0.05))
    (fp_line (start -1.5 -3.75) (end -1.5 3.75) (layer F.CrtYd) (width 0.05))
    (fp_line (start 38.5 3.75) (end 38.5 -3.75) (layer F.CrtYd) (width 0.05))
    (fp_line (start -1.5 3.75) (end 38.5 3.75) (layer F.CrtYd) (width 0.05))
    (fp_line (start 2.18 -3.5) (end 34.82 -3.5) (layer F.SilkS) (width 0.12))
    (fp_line (start 2.18 -3.5) (end 2.18 3.5) (layer F.SilkS) (width 0.12))
    (fp_line (start 34.82 3.5) (end 34.82 -3.5) (layer F.SilkS) (width 0.12))
    (fp_line (start 2.18 3.5) (end 34.82 3.5) (layer F.SilkS) (width 0.12))
    (fp_text user %R (at 17.78 5.08 90) (layer F.Fab)
      (effects (font (size 1 1) (thickness 0.15)))
    )
    (pad 1 thru_hole circle (at 0 0 90) (size 2.4 2.4) (drill 1.2) (layers *.Cu *.Mask)
      (net 5 "Net-(F1-Pad1)"))
    (pad 2 thru_hole circle (at 37 0 90) (size 2.4 2.4) (drill 1.2) (layers *.Cu *.Mask)
      (net 1 /AIR+_vehicle_side))
    (model ${KISYS3DMOD}/Fuse.3dshapes/Fuse_SunFuse-6HP.wrl
      (at (xyz 0 0 0))
      (scale (xyz 1 1 1))
      (rotate (xyz 0 0 0))
    )
  )

  (module Resistor_SMD:R_2512_6332Metric (layer B.Cu) (tedit 5B301BBD) (tstamp 60576D43)
    (at 128.8 52 180)
    (descr "Resistor SMD 2512 (6332 Metric), square (rectangular) end terminal, IPC_7351 nominal, (Body size source: http://www.tortai-tech.com/upload/download/2011102023233369053.pdf), generated with kicad-footprint-generator")
    (tags resistor)
    (path /60583AB1)
    (attr smd)
    (fp_text reference R1 (at 5 0) (layer B.SilkS)
      (effects (font (size 1 1) (thickness 0.15)) (justify mirror))
    )
    (fp_text value 100k (at 0 -2.62) (layer B.Fab)
      (effects (font (size 1 1) (thickness 0.15)) (justify mirror))
    )
    (fp_line (start 3.82 -1.92) (end -3.82 -1.92) (layer B.CrtYd) (width 0.05))
    (fp_line (start 3.82 1.92) (end 3.82 -1.92) (layer B.CrtYd) (width 0.05))
    (fp_line (start -3.82 1.92) (end 3.82 1.92) (layer B.CrtYd) (width 0.05))
    (fp_line (start -3.82 -1.92) (end -3.82 1.92) (layer B.CrtYd) (width 0.05))
    (fp_line (start -2.052064 -1.71) (end 2.052064 -1.71) (layer B.SilkS) (width 0.12))
    (fp_line (start -2.052064 1.71) (end 2.052064 1.71) (layer B.SilkS) (width 0.12))
    (fp_line (start 3.15 -1.6) (end -3.15 -1.6) (layer B.Fab) (width 0.1))
    (fp_line (start 3.15 1.6) (end 3.15 -1.6) (layer B.Fab) (width 0.1))
    (fp_line (start -3.15 1.6) (end 3.15 1.6) (layer B.Fab) (width 0.1))
    (fp_line (start -3.15 -1.6) (end -3.15 1.6) (layer B.Fab) (width 0.1))
    (fp_text user %R (at 0 0) (layer B.Fab)
      (effects (font (size 1 1) (thickness 0.15)) (justify mirror))
    )
    (pad 2 smd roundrect (at 2.9 0 180) (size 1.35 3.35) (layers B.Cu B.Paste B.Mask) (roundrect_rratio 0.185185)
      (net 1 /AIR+_vehicle_side))
    (pad 1 smd roundrect (at -2.9 0 180) (size 1.35 3.35) (layers B.Cu B.Paste B.Mask) (roundrect_rratio 0.185185)
      (net 9 "Net-(R1-Pad1)"))
    (model ${KISYS3DMOD}/Resistor_SMD.3dshapes/R_2512_6332Metric.wrl
      (at (xyz 0 0 0))
      (scale (xyz 1 1 1))
      (rotate (xyz 0 0 0))
    )
  )

  (module Resistor_SMD:R_2512_6332Metric (layer B.Cu) (tedit 5B301BBD) (tstamp 60576D53)
    (at 128.8 60.4 180)
    (descr "Resistor SMD 2512 (6332 Metric), square (rectangular) end terminal, IPC_7351 nominal, (Body size source: http://www.tortai-tech.com/upload/download/2011102023233369053.pdf), generated with kicad-footprint-generator")
    (tags resistor)
    (path /60584066)
    (attr smd)
    (fp_text reference R2 (at 5 0.2) (layer B.SilkS)
      (effects (font (size 1 1) (thickness 0.15)) (justify mirror))
    )
    (fp_text value 100k (at 0 -2.62) (layer B.Fab)
      (effects (font (size 1 1) (thickness 0.15)) (justify mirror))
    )
    (fp_line (start -3.15 -1.6) (end -3.15 1.6) (layer B.Fab) (width 0.1))
    (fp_line (start -3.15 1.6) (end 3.15 1.6) (layer B.Fab) (width 0.1))
    (fp_line (start 3.15 1.6) (end 3.15 -1.6) (layer B.Fab) (width 0.1))
    (fp_line (start 3.15 -1.6) (end -3.15 -1.6) (layer B.Fab) (width 0.1))
    (fp_line (start -2.052064 1.71) (end 2.052064 1.71) (layer B.SilkS) (width 0.12))
    (fp_line (start -2.052064 -1.71) (end 2.052064 -1.71) (layer B.SilkS) (width 0.12))
    (fp_line (start -3.82 -1.92) (end -3.82 1.92) (layer B.CrtYd) (width 0.05))
    (fp_line (start -3.82 1.92) (end 3.82 1.92) (layer B.CrtYd) (width 0.05))
    (fp_line (start 3.82 1.92) (end 3.82 -1.92) (layer B.CrtYd) (width 0.05))
    (fp_line (start 3.82 -1.92) (end -3.82 -1.92) (layer B.CrtYd) (width 0.05))
    (fp_text user %R (at 0 0) (layer B.Fab)
      (effects (font (size 1 1) (thickness 0.15)) (justify mirror))
    )
    (pad 1 smd roundrect (at -2.9 0 180) (size 1.35 3.35) (layers B.Cu B.Paste B.Mask) (roundrect_rratio 0.185185)
      (net 10 "Net-(R2-Pad1)"))
    (pad 2 smd roundrect (at 2.9 0 180) (size 1.35 3.35) (layers B.Cu B.Paste B.Mask) (roundrect_rratio 0.185185)
      (net 4 /cells+))
    (model ${KISYS3DMOD}/Resistor_SMD.3dshapes/R_2512_6332Metric.wrl
      (at (xyz 0 0 0))
      (scale (xyz 1 1 1))
      (rotate (xyz 0 0 0))
    )
  )

  (module Resistor_SMD:R_2512_6332Metric (layer B.Cu) (tedit 5B301BBD) (tstamp 60576D63)
    (at 128.8 56.2 180)
    (descr "Resistor SMD 2512 (6332 Metric), square (rectangular) end terminal, IPC_7351 nominal, (Body size source: http://www.tortai-tech.com/upload/download/2011102023233369053.pdf), generated with kicad-footprint-generator")
    (tags resistor)
    (path /605846E7)
    (attr smd)
    (fp_text reference R3 (at 5 0) (layer B.SilkS)
      (effects (font (size 1 1) (thickness 0.15)) (justify mirror))
    )
    (fp_text value 100k (at 0 -2.62) (layer B.Fab)
      (effects (font (size 1 1) (thickness 0.15)) (justify mirror))
    )
    (fp_line (start 3.82 -1.92) (end -3.82 -1.92) (layer B.CrtYd) (width 0.05))
    (fp_line (start 3.82 1.92) (end 3.82 -1.92) (layer B.CrtYd) (width 0.05))
    (fp_line (start -3.82 1.92) (end 3.82 1.92) (layer B.CrtYd) (width 0.05))
    (fp_line (start -3.82 -1.92) (end -3.82 1.92) (layer B.CrtYd) (width 0.05))
    (fp_line (start -2.052064 -1.71) (end 2.052064 -1.71) (layer B.SilkS) (width 0.12))
    (fp_line (start -2.052064 1.71) (end 2.052064 1.71) (layer B.SilkS) (width 0.12))
    (fp_line (start 3.15 -1.6) (end -3.15 -1.6) (layer B.Fab) (width 0.1))
    (fp_line (start 3.15 1.6) (end 3.15 -1.6) (layer B.Fab) (width 0.1))
    (fp_line (start -3.15 1.6) (end 3.15 1.6) (layer B.Fab) (width 0.1))
    (fp_line (start -3.15 -1.6) (end -3.15 1.6) (layer B.Fab) (width 0.1))
    (fp_text user %R (at 0 0) (layer B.Fab)
      (effects (font (size 1 1) (thickness 0.15)) (justify mirror))
    )
    (pad 2 smd roundrect (at 2.9 0 180) (size 1.35 3.35) (layers B.Cu B.Paste B.Mask) (roundrect_rratio 0.185185)
      (net 3 /AIR+_fuse_side))
    (pad 1 smd roundrect (at -2.9 0 180) (size 1.35 3.35) (layers B.Cu B.Paste B.Mask) (roundrect_rratio 0.185185)
      (net 11 "Net-(R3-Pad1)"))
    (model ${KISYS3DMOD}/Resistor_SMD.3dshapes/R_2512_6332Metric.wrl
      (at (xyz 0 0 0))
      (scale (xyz 1 1 1))
      (rotate (xyz 0 0 0))
    )
  )

  (module Resistor_SMD:R_2512_6332Metric (layer B.Cu) (tedit 5B301BBD) (tstamp 60576D73)
    (at 139 52 180)
    (descr "Resistor SMD 2512 (6332 Metric), square (rectangular) end terminal, IPC_7351 nominal, (Body size source: http://www.tortai-tech.com/upload/download/2011102023233369053.pdf), generated with kicad-footprint-generator")
    (tags resistor)
    (path /60577FF4)
    (attr smd)
    (fp_text reference R4 (at 5 0) (layer B.SilkS)
      (effects (font (size 1 1) (thickness 0.15)) (justify mirror))
    )
    (fp_text value 100k (at 0 -2.62) (layer B.Fab)
      (effects (font (size 1 1) (thickness 0.15)) (justify mirror))
    )
    (fp_line (start -3.15 -1.6) (end -3.15 1.6) (layer B.Fab) (width 0.1))
    (fp_line (start -3.15 1.6) (end 3.15 1.6) (layer B.Fab) (width 0.1))
    (fp_line (start 3.15 1.6) (end 3.15 -1.6) (layer B.Fab) (width 0.1))
    (fp_line (start 3.15 -1.6) (end -3.15 -1.6) (layer B.Fab) (width 0.1))
    (fp_line (start -2.052064 1.71) (end 2.052064 1.71) (layer B.SilkS) (width 0.12))
    (fp_line (start -2.052064 -1.71) (end 2.052064 -1.71) (layer B.SilkS) (width 0.12))
    (fp_line (start -3.82 -1.92) (end -3.82 1.92) (layer B.CrtYd) (width 0.05))
    (fp_line (start -3.82 1.92) (end 3.82 1.92) (layer B.CrtYd) (width 0.05))
    (fp_line (start 3.82 1.92) (end 3.82 -1.92) (layer B.CrtYd) (width 0.05))
    (fp_line (start 3.82 -1.92) (end -3.82 -1.92) (layer B.CrtYd) (width 0.05))
    (fp_text user %R (at 0 0) (layer B.Fab)
      (effects (font (size 1 1) (thickness 0.15)) (justify mirror))
    )
    (pad 1 smd roundrect (at -2.9 0 180) (size 1.35 3.35) (layers B.Cu B.Paste B.Mask) (roundrect_rratio 0.185185)
      (net 6 "Net-(J4-Pad1)"))
    (pad 2 smd roundrect (at 2.9 0 180) (size 1.35 3.35) (layers B.Cu B.Paste B.Mask) (roundrect_rratio 0.185185)
      (net 9 "Net-(R1-Pad1)"))
    (model ${KISYS3DMOD}/Resistor_SMD.3dshapes/R_2512_6332Metric.wrl
      (at (xyz 0 0 0))
      (scale (xyz 1 1 1))
      (rotate (xyz 0 0 0))
    )
  )

  (module Resistor_SMD:R_2512_6332Metric (layer B.Cu) (tedit 5B301BBD) (tstamp 60576D83)
    (at 139 60.4 180)
    (descr "Resistor SMD 2512 (6332 Metric), square (rectangular) end terminal, IPC_7351 nominal, (Body size source: http://www.tortai-tech.com/upload/download/2011102023233369053.pdf), generated with kicad-footprint-generator")
    (tags resistor)
    (path /6057B3D5)
    (attr smd)
    (fp_text reference R5 (at 5 0) (layer B.SilkS)
      (effects (font (size 1 1) (thickness 0.15)) (justify mirror))
    )
    (fp_text value 100k (at 0 -2.62) (layer B.Fab)
      (effects (font (size 1 1) (thickness 0.15)) (justify mirror))
    )
    (fp_line (start -3.15 -1.6) (end -3.15 1.6) (layer B.Fab) (width 0.1))
    (fp_line (start -3.15 1.6) (end 3.15 1.6) (layer B.Fab) (width 0.1))
    (fp_line (start 3.15 1.6) (end 3.15 -1.6) (layer B.Fab) (width 0.1))
    (fp_line (start 3.15 -1.6) (end -3.15 -1.6) (layer B.Fab) (width 0.1))
    (fp_line (start -2.052064 1.71) (end 2.052064 1.71) (layer B.SilkS) (width 0.12))
    (fp_line (start -2.052064 -1.71) (end 2.052064 -1.71) (layer B.SilkS) (width 0.12))
    (fp_line (start -3.82 -1.92) (end -3.82 1.92) (layer B.CrtYd) (width 0.05))
    (fp_line (start -3.82 1.92) (end 3.82 1.92) (layer B.CrtYd) (width 0.05))
    (fp_line (start 3.82 1.92) (end 3.82 -1.92) (layer B.CrtYd) (width 0.05))
    (fp_line (start 3.82 -1.92) (end -3.82 -1.92) (layer B.CrtYd) (width 0.05))
    (fp_text user %R (at 0 0) (layer B.Fab)
      (effects (font (size 1 1) (thickness 0.15)) (justify mirror))
    )
    (pad 1 smd roundrect (at -2.9 0 180) (size 1.35 3.35) (layers B.Cu B.Paste B.Mask) (roundrect_rratio 0.185185)
      (net 8 "Net-(J4-Pad3)"))
    (pad 2 smd roundrect (at 2.9 0 180) (size 1.35 3.35) (layers B.Cu B.Paste B.Mask) (roundrect_rratio 0.185185)
      (net 10 "Net-(R2-Pad1)"))
    (model ${KISYS3DMOD}/Resistor_SMD.3dshapes/R_2512_6332Metric.wrl
      (at (xyz 0 0 0))
      (scale (xyz 1 1 1))
      (rotate (xyz 0 0 0))
    )
  )

  (module Resistor_SMD:R_2512_6332Metric (layer B.Cu) (tedit 5B301BBD) (tstamp 60576D93)
    (at 139 56.2 180)
    (descr "Resistor SMD 2512 (6332 Metric), square (rectangular) end terminal, IPC_7351 nominal, (Body size source: http://www.tortai-tech.com/upload/download/2011102023233369053.pdf), generated with kicad-footprint-generator")
    (tags resistor)
    (path /6057AD22)
    (attr smd)
    (fp_text reference R6 (at 5 0) (layer B.SilkS)
      (effects (font (size 1 1) (thickness 0.15)) (justify mirror))
    )
    (fp_text value 100k (at 0 -2.62) (layer B.Fab)
      (effects (font (size 1 1) (thickness 0.15)) (justify mirror))
    )
    (fp_line (start 3.82 -1.92) (end -3.82 -1.92) (layer B.CrtYd) (width 0.05))
    (fp_line (start 3.82 1.92) (end 3.82 -1.92) (layer B.CrtYd) (width 0.05))
    (fp_line (start -3.82 1.92) (end 3.82 1.92) (layer B.CrtYd) (width 0.05))
    (fp_line (start -3.82 -1.92) (end -3.82 1.92) (layer B.CrtYd) (width 0.05))
    (fp_line (start -2.052064 -1.71) (end 2.052064 -1.71) (layer B.SilkS) (width 0.12))
    (fp_line (start -2.052064 1.71) (end 2.052064 1.71) (layer B.SilkS) (width 0.12))
    (fp_line (start 3.15 -1.6) (end -3.15 -1.6) (layer B.Fab) (width 0.1))
    (fp_line (start 3.15 1.6) (end 3.15 -1.6) (layer B.Fab) (width 0.1))
    (fp_line (start -3.15 1.6) (end 3.15 1.6) (layer B.Fab) (width 0.1))
    (fp_line (start -3.15 -1.6) (end -3.15 1.6) (layer B.Fab) (width 0.1))
    (fp_text user %R (at 0 0) (layer B.Fab)
      (effects (font (size 1 1) (thickness 0.15)) (justify mirror))
    )
    (pad 2 smd roundrect (at 2.9 0 180) (size 1.35 3.35) (layers B.Cu B.Paste B.Mask) (roundrect_rratio 0.185185)
      (net 11 "Net-(R3-Pad1)"))
    (pad 1 smd roundrect (at -2.9 0 180) (size 1.35 3.35) (layers B.Cu B.Paste B.Mask) (roundrect_rratio 0.185185)
      (net 7 "Net-(J4-Pad2)"))
    (model ${KISYS3DMOD}/Resistor_SMD.3dshapes/R_2512_6332Metric.wrl
      (at (xyz 0 0 0))
      (scale (xyz 1 1 1))
      (rotate (xyz 0 0 0))
    )
  )

  (dimension 31 (width 0.15) (layer Dwgs.User)
    (gr_text "31.000 mm" (at 89.7 60.5 270) (layer Dwgs.User)
      (effects (font (size 1 1) (thickness 0.15)))
    )
    (feature1 (pts (xy 120 76) (xy 90.413579 76)))
    (feature2 (pts (xy 120 45) (xy 90.413579 45)))
    (crossbar (pts (xy 91 45) (xy 91 76)))
    (arrow1a (pts (xy 91 76) (xy 90.413579 74.873496)))
    (arrow1b (pts (xy 91 76) (xy 91.586421 74.873496)))
    (arrow2a (pts (xy 91 45) (xy 90.413579 46.126504)))
    (arrow2b (pts (xy 91 45) (xy 91.586421 46.126504)))
  )
  (dimension 26 (width 0.15) (layer Dwgs.User)
    (gr_text "26.000 mm" (at 98.7 105 90) (layer Dwgs.User)
      (effects (font (size 1 1) (thickness 0.15)))
    )
    (feature1 (pts (xy 120 92) (xy 99.413579 92)))
    (feature2 (pts (xy 120 118) (xy 99.413579 118)))
    (crossbar (pts (xy 100 118) (xy 100 92)))
    (arrow1a (pts (xy 100 92) (xy 100.586421 93.126504)))
    (arrow1b (pts (xy 100 92) (xy 99.413579 93.126504)))
    (arrow2a (pts (xy 100 118) (xy 100.586421 116.873496)))
    (arrow2b (pts (xy 100 118) (xy 99.413579 116.873496)))
  )
  (dimension 26 (width 0.15) (layer Dwgs.User)
    (gr_text "26.000 mm" (at 133 124.3) (layer Dwgs.User)
      (effects (font (size 1 1) (thickness 0.15)))
    )
    (feature1 (pts (xy 146 118) (xy 146 123.586421)))
    (feature2 (pts (xy 120 118) (xy 120 123.586421)))
    (crossbar (pts (xy 120 123) (xy 146 123)))
    (arrow1a (pts (xy 146 123) (xy 144.873496 123.586421)))
    (arrow1b (pts (xy 146 123) (xy 144.873496 122.413579)))
    (arrow2a (pts (xy 120 123) (xy 121.126504 123.586421)))
    (arrow2b (pts (xy 120 123) (xy 121.126504 122.413579)))
  )
  (dimension 11 (width 0.12) (layer Dwgs.User)
    (gr_text "11.000 mm" (at 138.5 102.27) (layer Dwgs.User)
      (effects (font (size 1 1) (thickness 0.15)))
    )
    (feature1 (pts (xy 144 71) (xy 144 101.586421)))
    (feature2 (pts (xy 133 71) (xy 133 101.586421)))
    (crossbar (pts (xy 133 101) (xy 144 101)))
    (arrow1a (pts (xy 144 101) (xy 142.873496 101.586421)))
    (arrow1b (pts (xy 144 101) (xy 142.873496 100.413579)))
    (arrow2a (pts (xy 133 101) (xy 134.126504 101.586421)))
    (arrow2b (pts (xy 133 101) (xy 134.126504 100.413579)))
  )
  (gr_text AIL (at 133 56) (layer F.SilkS)
    (effects (font (size 2 2) (thickness 0.3)))
  )
  (gr_line (start 151 76) (end 115 76) (layer F.SilkS) (width 0.12))
  (gr_line (start 151 40) (end 151 76) (layer F.SilkS) (width 0.12))
  (dimension 3.5 (width 0.15) (layer Dwgs.User)
    (gr_text "3.500 mm" (at 161.55 121.25 90) (layer Dwgs.User)
      (effects (font (size 1 1) (thickness 0.15)))
    )
    (feature1 (pts (xy 150.75 119.5) (xy 160.836421 119.5)))
    (feature2 (pts (xy 150.75 123) (xy 160.836421 123)))
    (crossbar (pts (xy 160.25 123) (xy 160.25 119.5)))
    (arrow1a (pts (xy 160.25 119.5) (xy 160.836421 120.626504)))
    (arrow1b (pts (xy 160.25 119.5) (xy 159.663579 120.626504)))
    (arrow2a (pts (xy 160.25 123) (xy 160.836421 121.873496)))
    (arrow2b (pts (xy 160.25 123) (xy 159.663579 121.873496)))
  )
  (dimension 36 (width 0.15) (layer Dwgs.User)
    (gr_text "36.000 mm" (at 133 129.3) (layer Dwgs.User)
      (effects (font (size 1 1) (thickness 0.15)))
    )
    (feature1 (pts (xy 151 116) (xy 151 128.586421)))
    (feature2 (pts (xy 115 116) (xy 115 128.586421)))
    (crossbar (pts (xy 115 128) (xy 151 128)))
    (arrow1a (pts (xy 151 128) (xy 149.873496 128.586421)))
    (arrow1b (pts (xy 151 128) (xy 149.873496 127.413579)))
    (arrow2a (pts (xy 115 128) (xy 116.126504 128.586421)))
    (arrow2b (pts (xy 115 128) (xy 116.126504 127.413579)))
  )
  (dimension 50 (width 0.15) (layer Dwgs.User)
    (gr_text "50.000 mm" (at 145 139.3) (layer Dwgs.User)
      (effects (font (size 1 1) (thickness 0.15)))
    )
    (feature1 (pts (xy 170 118) (xy 170 138.586421)))
    (feature2 (pts (xy 120 118) (xy 120 138.586421)))
    (crossbar (pts (xy 120 138) (xy 170 138)))
    (arrow1a (pts (xy 170 138) (xy 168.873496 138.586421)))
    (arrow1b (pts (xy 170 138) (xy 168.873496 137.413579)))
    (arrow2a (pts (xy 120 138) (xy 121.126504 138.586421)))
    (arrow2b (pts (xy 120 138) (xy 121.126504 137.413579)))
  )
  (gr_line (start 163.7 78.6) (end 156.3 78.6) (layer Edge.Cuts) (width 0.05) (tstamp 5F75FFEC))
  (gr_arc (start 156.3 79.4) (end 156.3 78.6) (angle -180) (layer Edge.Cuts) (width 0.05) (tstamp 5F75FFEF))
  (gr_arc (start 163.7 79.4) (end 163.7 80.2) (angle -180) (layer Edge.Cuts) (width 0.05) (tstamp 5F75FFED))
  (gr_line (start 163.7 80.2) (end 156.3 80.2) (layer Edge.Cuts) (width 0.05) (tstamp 5F75FFEE))
  (dimension 26 (width 0.15) (layer Dwgs.User)
    (gr_text "26.000 mm" (at 108.7 58 270) (layer Dwgs.User)
      (effects (font (size 1 1) (thickness 0.15)))
    )
    (feature1 (pts (xy 133 71) (xy 109.413579 71)))
    (feature2 (pts (xy 133 45) (xy 109.413579 45)))
    (crossbar (pts (xy 110 45) (xy 110 71)))
    (arrow1a (pts (xy 110 71) (xy 109.413579 69.873496)))
    (arrow1b (pts (xy 110 71) (xy 110.586421 69.873496)))
